15.0203218460083
1.1859374999999999
1.1859374999999999
1.173046875
1.173046875
1.1859374999999999
1.173046875
1.173046875
1.173046875
1.147265625
1.147265625
1.147265625
1.16015625
1.147265625
1.16015625
1.173046875
1.16015625
1.16015625
1.173046875
1.173046875
1.1859374999999999
1.16015625
1.173046875
1.16015625
1.16015625
1.16015625
1.16015625
1.147265625
1.16015625
1.147265625
1.173046875
1.173046875
1.173046875
1.16015625
1.173046875
1.173046875
1.173046875
1.173046875
1.16015625
1.16015625
1.173046875
1.16015625
1.16015625
1.147265625
1.147265625
1.16015625
1.147265625
1.147265625
1.16015625
1.16015625
1.16015625
1.16015625
1.16015625
1.147265625
1.147265625
1.147265625
1.147265625
1.16015625
1.147265625
1.134375
1.147265625
1.147265625
1.16015625
1.16015625
1.147265625
1.147265625
1.147265625
1.147265625
1.134375
1.147265625
1.147265625
1.134375
1.147265625
1.134375
1.134375
1.134375
1.1214843749999999
1.134375
1.1214843749999999
1.1214843749999999
1.1214843749999999
1.1214843749999999
1.10859375
1.1214843749999999
1.10859375
1.10859375
1.10859375
1.095703125
1.095703125
1.0828125
1.0828125
1.069921875
1.069921875
1.044140625
1.0570312499999999
1.03125
1.03125
1.03125
1.00546875
1.00546875
1.00546875
1.00546875
0.992578125
0.9796874999999999
0.9796874999999999
0.966796875
0.966796875
0.966796875
0.95390625
0.95390625
0.9410156249999999
0.9410156249999999
0.9410156249999999
0.928125
0.928125
0.928125
0.9152343749999999
0.90234375
0.9152343749999999
0.889453125
0.889453125
0.889453125
0.889453125
0.8765624999999999
0.863671875
0.863671875
0.863671875
0.8507812499999999
0.8507812499999999
0.863671875
0.837890625
0.837890625
0.837890625
0.825
0.8121093749999999
0.8121093749999999
0.8121093749999999
0.79921875
0.8121093749999999
0.7863281249999999
0.7734375
0.79921875
0.7863281249999999
0.7863281249999999
0.7734375
0.7734375
0.7734375
0.760546875
0.7734375
0.734765625
0.7476562499999999
0.760546875
0.734765625
0.7476562499999999
0.734765625
0.7218749999999999
0.734765625
0.7218749999999999
0.7218749999999999
0.708984375
0.708984375
0.708984375
0.69609375
0.69609375
0.6832031249999999
0.69609375
0.69609375
0.6832031249999999
0.6574218749999999
0.6703125
0.6703125
0.6832031249999999
0.6832031249999999
0.6703125
0.6574218749999999
0.6703125
0.6703125
0.6703125
0.6574218749999999
0.64453125
0.64453125
0.6574218749999999
0.64453125
0.64453125
0.64453125
0.64453125
0.631640625
0.64453125
0.64453125
0.631640625
0.64453125
0.64453125
0.631640625
0.631640625
0.6187499999999999
0.631640625
0.631640625
0.6187499999999999
0.6187499999999999
0.631640625
0.6187499999999999
0.6187499999999999
0.6187499999999999
0.6187499999999999
0.605859375
0.6187499999999999
0.6187499999999999
0.6187499999999999
0.6187499999999999
0.6187499999999999
0.605859375
0.605859375
0.5929687499999999
0.605859375
0.605859375
0.605859375
0.605859375
0.6187499999999999
0.605859375
0.5929687499999999
0.605859375
0.5929687499999999
0.5929687499999999
0.580078125
0.580078125
0.5929687499999999
0.5929687499999999
0.5929687499999999
0.580078125
0.5929687499999999
0.580078125
0.5929687499999999
0.580078125
0.5929687499999999
0.580078125
0.5671875
0.580078125
0.580078125
0.580078125
0.5671875
0.5929687499999999
0.580078125
0.5671875
0.5671875
0.580078125
0.554296875
0.5671875
0.5671875
0.554296875
0.5671875
0.554296875
0.554296875
0.554296875
0.5671875
0.554296875
0.5671875
0.54140625
0.554296875
0.554296875
0.554296875
0.54140625
0.54140625
0.54140625
0.54140625
0.54140625
0.54140625
0.54140625
0.54140625
0.5285156249999999
0.5285156249999999
0.54140625
0.5285156249999999
0.54140625
0.5285156249999999
0.5285156249999999
0.5285156249999999
0.515625
0.5285156249999999
0.5285156249999999
0.515625
0.515625
0.5285156249999999
0.515625
0.515625
0.515625
0.502734375
0.515625
0.515625
0.502734375
0.515625
0.515625
0.515625
0.502734375
0.502734375
0.515625
0.502734375
0.48984374999999997
0.502734375
0.502734375
0.48984374999999997
0.48984374999999997
0.48984374999999997
0.48984374999999997
0.502734375
0.476953125
0.48984374999999997
0.48984374999999997
0.48984374999999997
0.48984374999999997
0.476953125
0.48984374999999997
0.476953125
0.476953125
0.4640625
0.4640625
0.4640625
0.4640625
0.476953125
0.4640625
0.4640625
0.4640625
0.4640625
0.451171875
0.4640625
0.4640625
0.451171875
0.451171875
0.4640625
0.451171875
0.4640625
0.451171875
0.451171875
0.4640625
0.451171875
0.4640625
0.451171875
0.451171875
0.451171875
0.451171875
0.43828124999999996
0.451171875
0.451171875
0.43828124999999996
0.43828124999999996
0.451171875
0.43828124999999996
0.451171875
0.42539062499999997
0.43828124999999996
0.43828124999999996
0.42539062499999997
0.42539062499999997
0.42539062499999997
0.43828124999999996
0.42539062499999997
0.43828124999999996
0.42539062499999997
0.43828124999999996
0.42539062499999997
0.4125
0.42539062499999997
0.42539062499999997
0.43828124999999996
0.43828124999999996
0.42539062499999997
0.42539062499999997
0.42539062499999997
