15.017051935195923
1.7015624999999999
1.7015624999999999
1.6886718749999998
1.7015624999999999
1.714453125
1.7015624999999999
1.6886718749999998
1.7015624999999999
1.714453125
1.7015624999999999
1.7015624999999999
1.7015624999999999
1.7015624999999999
1.6886718749999998
1.6886718749999998
1.6886718749999998
1.67578125
1.6886718749999998
1.7015624999999999
1.6886718749999998
1.6886718749999998
1.67578125
1.7015624999999999
1.6886718749999998
1.6886718749999998
1.714453125
1.7015624999999999
1.714453125
1.714453125
1.72734375
1.72734375
1.740234375
1.740234375
1.72734375
1.72734375
1.72734375
1.72734375
1.72734375
1.714453125
1.7015624999999999
1.7015624999999999
1.7015624999999999
1.6886718749999998
1.6886718749999998
1.67578125
1.67578125
1.67578125
1.65
1.6242187499999998
1.6242187499999998
1.611328125
1.5984375
1.585546875
1.5597656249999998
1.546875
1.533984375
1.52109375
1.5082031249999999
1.4953124999999998
1.46953125
1.4437499999999999
1.4437499999999999
1.41796875
1.405078125
1.3921875
1.3921875
1.3664062499999998
1.353515625
1.353515625
1.327734375
1.340625
1.3148437499999999
1.3148437499999999
1.2890625
1.2890625
1.276171875
1.2503906249999999
1.26328125
1.2503906249999999
1.2503906249999999
1.21171875
1.224609375
1.1859374999999999
1.198828125
1.1859374999999999
1.1859374999999999
1.173046875
1.16015625
1.147265625
1.147265625
1.147265625
1.147265625
1.134375
1.134375
1.1214843749999999
1.1214843749999999
1.10859375
1.095703125
1.095703125
1.095703125
1.0828125
1.0828125
1.069921875
1.0570312499999999
1.0570312499999999
1.0570312499999999
1.044140625
1.044140625
1.044140625
1.018359375
1.03125
1.00546875
1.00546875
1.018359375
0.992578125
1.00546875
0.992578125
0.992578125
0.9796874999999999
0.992578125
0.9796874999999999
0.9796874999999999
0.966796875
0.966796875
0.966796875
0.95390625
0.95390625
0.95390625
0.9410156249999999
0.928125
0.928125
0.928125
0.928125
0.9152343749999999
0.9152343749999999
0.928125
0.9152343749999999
0.9152343749999999
0.889453125
0.90234375
0.90234375
0.889453125
0.90234375
0.889453125
0.8765624999999999
0.8765624999999999
0.8765624999999999
0.8765624999999999
0.8765624999999999
0.863671875
0.8507812499999999
0.863671875
0.863671875
0.8507812499999999
0.837890625
0.837890625
0.8507812499999999
0.825
0.825
0.837890625
0.837890625
0.837890625
0.825
0.8121093749999999
0.825
0.825
0.8121093749999999
0.825
0.8121093749999999
0.79921875
0.79921875
0.7863281249999999
0.79921875
0.7863281249999999
0.79921875
0.79921875
0.7863281249999999
0.7863281249999999
0.7863281249999999
0.7734375
0.760546875
0.760546875
0.7734375
0.7734375
0.760546875
0.760546875
0.760546875
0.760546875
0.760546875
0.7476562499999999
0.7476562499999999
0.734765625
0.7476562499999999
0.7476562499999999
0.7476562499999999
0.734765625
0.7218749999999999
0.7218749999999999
0.734765625
0.7218749999999999
0.708984375
0.708984375
0.69609375
0.7218749999999999
0.708984375
0.69609375
0.69609375
0.69609375
0.708984375
0.6832031249999999
0.69609375
0.6832031249999999
0.6703125
0.6832031249999999
0.6703125
0.6703125
0.6703125
0.6832031249999999
0.6703125
0.6574218749999999
0.6703125
0.6703125
0.6574218749999999
0.6574218749999999
0.6574218749999999
0.6574218749999999
0.6574218749999999
0.64453125
0.64453125
0.64453125
0.64453125
0.64453125
0.631640625
0.631640625
0.631640625
0.6187499999999999
0.6187499999999999
0.631640625
0.6187499999999999
0.6187499999999999
0.6187499999999999
0.605859375
0.6187499999999999
0.6187499999999999
0.605859375
0.605859375
0.605859375
0.605859375
0.6187499999999999
0.605859375
0.605859375
0.5929687499999999
0.605859375
0.5929687499999999
0.5929687499999999
0.5929687499999999
0.5929687499999999
0.580078125
0.5929687499999999
0.580078125
0.5929687499999999
0.580078125
0.580078125
0.580078125
0.580078125
0.580078125
0.5671875
0.5671875
0.5671875
0.5671875
0.5671875
0.5671875
0.580078125
0.580078125
0.5671875
0.554296875
0.554296875
0.554296875
0.554296875
0.554296875
0.554296875
0.554296875
0.554296875
0.54140625
0.54140625
0.554296875
0.554296875
0.554296875
0.554296875
0.54140625
0.5285156249999999
0.54140625
0.54140625
0.54140625
0.5285156249999999
0.54140625
0.54140625
0.5285156249999999
0.5285156249999999
0.54140625
0.5285156249999999
0.5285156249999999
0.5285156249999999
0.5285156249999999
0.515625
0.515625
0.515625
0.515625
0.515625
0.515625
0.515625
0.515625
0.515625
0.515625
0.515625
0.502734375
0.502734375
0.502734375
0.48984374999999997
0.515625
0.48984374999999997
0.502734375
0.48984374999999997
0.502734375
0.502734375
0.502734375
0.48984374999999997
0.502734375
0.48984374999999997
0.48984374999999997
0.476953125
0.476953125
0.48984374999999997
0.48984374999999997
0.476953125
0.48984374999999997
0.476953125
0.476953125
0.476953125
0.476953125
0.476953125
0.4640625
0.476953125
0.476953125
0.476953125
0.4640625
0.476953125
0.4640625
0.476953125
0.4640625
0.4640625
0.451171875
0.4640625
0.4640625
0.4640625
0.4640625
0.451171875
0.451171875
0.451171875
0.451171875
0.451171875
0.451171875
0.4640625
0.4640625
0.451171875
